function [baseMVA, bus, gen, branch, areas, gencost] = caseEagleBase
% caseEagleBase    Power flow data for 17 bus, 3 generator case.
%   Please see 'help caseformat' for details on the case file format.

%%-----  Power Flow Data  -----%%
%% system MVA base
baseMVA = 10;

%% bus data
%	bus_i	type	Pd	Qd	Gs	Bs	area	Vm	Va	baseKV	zone	Vmax	Vmin
bus = [
	1	1	0	0	0	0	1	1       0	450	1	1.1     0.9;	    %1LB
	2	3	0	0	0	0	1	1       0	4160	1	1.1     0.9;	%1HB	
	3	1	0	0	0	0	1	1    	0	450	1	1.1     0.9;	    %2LA
	4	1	0	0	0	0	1	1		0	4160	1	1.1     0.9;	%2HA	
	5	1	0	0	0	0	1	1		0	450	1	1.1     0.9;	    %4LA
	6	1	0	0	0	0	1	1		0	4160	1	1.1     0.9;	%4HA
	7	1	0	0	0	0	1	1		0	450	1	1.1     0.9;	    %4LB
	8	1	0	0	0	0	1	1		0	4160	1	1.1     0.9;	%4HB
	9	1	0	0	0	0	1	1		0	450	1	1.1     0.9;	    %5LA
	10	1	0	0	0	0	1	1		0	4160	1	1.1     0.9;	%5HA
	11	1	0	0	0	0	1	1		0	450	1	1.1    0.9;	        %5LB
	12	1	0	0	0	0	1	1		0	4160	1	1.1    0.9;	    %5HB
	13	1	0	0	0	0	1	1		0	450	1	1.1    0.9;	        %6LA
	14	1	0	0	0	0	1	1		0	4160	1	1.1    0.9;	    %6HA													
	15	1	0	0	0	0	1	1		0	450	1	1.1    0.9;	        %7LB
	16	1	0	0	0	0	1	1		0	4160	1	1.1    0.9;	    %7HB
    17	1	0	0	0	0	1	1		0	4160	1	1.1    0.9;	    %APS 1 (TOP of page)
    18	1	0	0	0	0	1	1		0	4160	1	1.1    0.9;	    %APS 2 (Bottom of page)
    19	2	0	0	0	0	1	1		0	4160	1	1.1    0.9;	    %1SG
    20	2	0	0	0	0	1	1		0	4160	1	1.1    0.9;	    %2SG
    21	2	0	0	0	0	1	1		0	4160	1	1.1    0.9;	    %3SG
    22	2	0	0	0	0	1	1		0	4160	1	1.1    0.9;	    %4SG
    23	2	0	0	0	0	1	1		0	4160	1	1.1    0.9;	    %5SG
    24	2	0	0	0	0	1	1		0	4160	1	1.1    0.9;	    %6SG
];

%% generator data
%	bus	Pg	Qg	Qmax	Qmin	Vg	mBase	status	Pmax	Pmin
gen = [
	19	4	3	10	-10	1	10	1	10	1; %DG 1
	20	4	3	10	-10	1	10	1	10	1; %DG 2
    21	4	3	10	-10	1	10	1	10	1; %DG 3
    22	4	3	10	-10	1	10	1	10	1; %DG 4
    23	4	3	10	-10	1	10	1	10	1; %DG 5
    24	4	3	10	-10	1	10	1	10	1; %DG 6
];

%% branch data
%	fbus	tbus	r	x	b	rateA	rateB	rateC	ratio	angle	status
branch = [
	2	1	0.0071	0.0404	0.0084	250	300	350	0	0	1;
    2	8	0.0071	0.0404	0.0084	250	300	350	0	0	1;
    2	19	0.0071	0.0404	0.0084	250	300	350	0	0	1;
    4	3	0.0071	0.0404	0.0084	250	300	350	0	0	1;
    4	6	0.0071	0.0404	0.0084	250	300	350	0	0	1;
    4	19	0.0071	0.0404	0.0084	250	300	350	0	0	1;
   %6 to 4 skipped
    6	5	0.0071	0.0404	0.0084	250	300	350	0	0	1;
    6	10	0.0071	0.0404	0.0084	250	300	350	0	0	1;
    6	20	0.0071	0.0404	0.0084	250	300	350	0	0	1; 
    6	21	0.0071	0.0404	0.0084	250	300	350	0	0	1; 
   %8 to 2 skipped
    8	7	0.0071	0.0404	0.0084	250	300	350	0	0	1;
    8	12	0.0071	0.0404	0.0084	250	300	350	0	0	1;
    8	20	0.0071	0.0404	0.0084	250	300	350	0	0	1; 
    8	21	0.0071	0.0404	0.0084	250	300	350	0	0	1; 
   %10 to 6 skipped
    10	9	0.0071	0.0404	0.0084	250	300	350	0	0	1;
    10	14	0.0071	0.0404	0.0084	250	300	350	0	0	1;
    10	22	0.0071	0.0404	0.0084	250	300	350	0	0	1; 
    10	23	0.0071	0.0404	0.0084	250	300	350	0	0	1; 
   %12 to 8 skipped
    12	11	0.0071	0.0404	0.0084	250	300	350	0	0	1; 
    12	16	0.0071	0.0404	0.0084	250	300	350	0	0	1;
    12	22	0.0071	0.0404	0.0084	250	300	350	0	0	1; 
    12	23	0.0071	0.0404	0.0084	250	300	350	0	0	1; 
   %14 to 10 skipped 
    14	13	0.0071	0.0404	0.0084	250	300	350	0	0	1;
    14	24	0.0071	0.0404	0.0084	250	300	350	0	0	1;
   %16 to 12 skipped 
    16	15	0.0071	0.0404	0.0084	250	300	350	0	0	1;    
    16	24	0.0071	0.0404	0.0084	250	300	350	0	0	1;  
    %ATPs branches 
    18	20	0.0071	0.0404	0.0084	250	300	350	0	0	0; %Status should be set to zero
    18	21	0.0071	0.0404	0.0084	250	300	350	0	0	1;
    17	22	0.0071	0.0404	0.0084	250	300	350	0	0	0; %Status should be set to zero
    17	23	0.0071	0.0404	0.0084	250	300	350	0	0	1;
];

%%-----  OPF Data  -----%%
%% area data
areas = [
	1	5;
];

%% generator cost data
%	1	startup	shutdown	n	x0	y0	...	xn	yn
%	2	startup	shutdown	n	c(n-1)	...	c0
gencost = [
	2	1500	0	3	0.11	5	150;
	2	2000	0	3	0.085   1.2	600;
	2	3000	0	3	0.1225 	1	335;
    2	1500	0	3	0.11	5	150;
	2	2000	0	3	0.085   1.2	600;
	2	3000	0	3	0.1225 	1	335;
];

return;
